Total resource allocated for Hadoop clsuter 	540.0 vCPU 	1080.0 GB memory
Resources (vCPU, Memory) unused in every commit (10000) milli seconds
0	525.0	1065.5
1	527.0	1066.5
2	532.0	1071.0
3	532.0	1071.0
4	540.0	1080.0
5	540.0	1080.0
6	540.0	1080.0
7	540.0	1080.0
8	540.0	1080.0
9	540.0	1080.0
10	540.0	1080.0
11	540.0	1080.0
12	540.0	1080.0
13	540.0	1080.0
14	540.0	1080.0
15	540.0	1080.0
16	540.0	1080.0
17	540.0	1080.0
18	540.0	1080.0
19	540.0	1080.0
20	540.0	1080.0
21	540.0	1080.0
22	540.0	1080.0
23	540.0	1080.0
24	540.0	1080.0
25	540.0	1080.0
26	540.0	1080.0
27	540.0	1080.0
28	540.0	1080.0
29	540.0	1080.0
30	540.0	1080.0
31	540.0	1080.0
32	540.0	1080.0
33	540.0	1080.0
34	540.0	1080.0
35	540.0	1080.0
36	540.0	1080.0
37	540.0	1080.0
38	540.0	1080.0
39	540.0	1080.0
40	540.0	1080.0
41	540.0	1080.0
42	540.0	1080.0
43	540.0	1080.0
44	540.0	1080.0
45	540.0	1080.0
46	540.0	1080.0
47	540.0	1080.0
48	540.0	1080.0
49	540.0	1080.0
50	540.0	1080.0
51	540.0	1080.0
52	540.0	1080.0
53	540.0	1080.0
54	540.0	1080.0
55	540.0	1080.0
56	540.0	1080.0
57	540.0	1080.0
58	540.0	1080.0
59	540.0	1080.0
60	540.0	1080.0
61	540.0	1080.0
62	540.0	1080.0
63	540.0	1080.0
64	540.0	1080.0
65	540.0	1080.0
66	540.0	1080.0
67	540.0	1080.0
68	540.0	1080.0
69	540.0	1080.0
70	540.0	1080.0
71	540.0	1080.0
72	540.0	1080.0
73	540.0	1080.0
74	540.0	1080.0
75	540.0	1080.0
76	540.0	1080.0
77	540.0	1080.0
78	540.0	1080.0
79	540.0	1080.0
80	540.0	1080.0
81	540.0	1080.0
82	540.0	1080.0
83	540.0	1080.0
84	540.0	1080.0
85	540.0	1080.0
86	540.0	1080.0
87	540.0	1080.0
88	540.0	1080.0
89	540.0	1080.0
90	540.0	1080.0
91	540.0	1080.0
92	540.0	1080.0
93	540.0	1080.0
94	540.0	1080.0
95	540.0	1080.0
96	540.0	1080.0
97	540.0	1080.0
98	540.0	1080.0
99	540.0	1080.0
100	540.0	1080.0
101	540.0	1080.0
102	540.0	1080.0
103	540.0	1080.0
104	540.0	1080.0
105	540.0	1080.0
106	540.0	1080.0
107	540.0	1080.0
108	540.0	1080.0
109	540.0	1080.0
110	540.0	1080.0
111	540.0	1080.0
112	540.0	1080.0
113	540.0	1080.0
114	540.0	1080.0
115	540.0	1080.0
116	540.0	1080.0
117	540.0	1080.0
118	540.0	1080.0
119	540.0	1080.0
120	540.0	1080.0
121	540.0	1080.0
122	540.0	1080.0
123	540.0	1080.0
124	540.0	1080.0
125	540.0	1080.0
126	540.0	1080.0
127	540.0	1080.0
128	540.0	1080.0
129	540.0	1080.0
130	540.0	1080.0
131	540.0	1080.0
132	540.0	1080.0
133	540.0	1080.0
134	540.0	1080.0
135	540.0	1080.0
136	540.0	1080.0
137	540.0	1080.0
138	540.0	1080.0
139	540.0	1080.0
140	540.0	1080.0
141	540.0	1080.0
142	540.0	1080.0
143	540.0	1080.0
144	540.0	1080.0
145	540.0	1080.0
146	540.0	1080.0
147	540.0	1080.0
148	540.0	1080.0
149	540.0	1080.0
150	540.0	1080.0
151	540.0	1080.0
152	540.0	1080.0
153	540.0	1080.0
154	540.0	1080.0
155	540.0	1080.0
156	540.0	1080.0
157	540.0	1080.0
158	540.0	1080.0
159	540.0	1080.0
160	540.0	1080.0
161	540.0	1080.0
162	540.0	1080.0
163	540.0	1080.0
164	540.0	1080.0
165	540.0	1080.0
166	540.0	1080.0
167	540.0	1080.0
168	540.0	1080.0
169	540.0	1080.0
170	540.0	1080.0
171	540.0	1080.0
172	540.0	1080.0
173	540.0	1080.0
174	540.0	1080.0
175	540.0	1080.0
176	540.0	1080.0
177	540.0	1080.0
178	540.0	1080.0
179	540.0	1080.0
180	540.0	1080.0
181	540.0	1080.0
182	540.0	1080.0
183	540.0	1080.0
184	540.0	1080.0
185	540.0	1080.0
186	540.0	1080.0
187	540.0	1080.0
188	540.0	1080.0
189	540.0	1080.0
190	540.0	1080.0
191	540.0	1080.0
192	540.0	1080.0
193	540.0	1080.0
194	540.0	1080.0
195	540.0	1080.0
196	540.0	1080.0
197	540.0	1080.0
198	540.0	1080.0
199	540.0	1080.0
200	540.0	1080.0
201	540.0	1080.0
202	540.0	1080.0
203	540.0	1080.0
204	540.0	1080.0
205	540.0	1080.0
206	540.0	1080.0
207	540.0	1080.0
208	540.0	1080.0
209	540.0	1080.0
210	540.0	1080.0
211	540.0	1080.0
212	540.0	1080.0
213	540.0	1080.0
214	540.0	1080.0
215	540.0	1080.0
216	540.0	1080.0
217	540.0	1080.0
218	540.0	1080.0
219	540.0	1080.0
220	540.0	1080.0
221	540.0	1080.0
222	540.0	1080.0
223	540.0	1080.0
224	540.0	1080.0
225	540.0	1080.0
226	540.0	1080.0
227	540.0	1080.0
228	540.0	1080.0
229	540.0	1080.0
230	540.0	1080.0
231	540.0	1080.0
232	540.0	1080.0
233	540.0	1080.0
234	540.0	1080.0
235	540.0	1080.0
236	540.0	1080.0
237	540.0	1080.0
238	540.0	1080.0
239	540.0	1080.0
240	540.0	1080.0
241	540.0	1080.0
242	540.0	1080.0
243	540.0	1080.0
244	540.0	1080.0
245	540.0	1080.0
246	540.0	1080.0
247	540.0	1080.0
248	540.0	1080.0
249	540.0	1080.0
250	540.0	1080.0
251	540.0	1080.0
252	540.0	1080.0
253	540.0	1080.0
254	540.0	1080.0
255	540.0	1080.0
256	540.0	1080.0
257	540.0	1080.0
258	540.0	1080.0
259	540.0	1080.0
260	540.0	1080.0
261	540.0	1080.0
262	540.0	1080.0
263	540.0	1080.0
264	540.0	1080.0
265	540.0	1080.0
266	540.0	1080.0
267	540.0	1080.0
268	540.0	1080.0
269	540.0	1080.0
270	540.0	1080.0
271	540.0	1080.0
272	540.0	1080.0
273	540.0	1080.0
274	540.0	1080.0
275	540.0	1080.0
276	540.0	1080.0
277	540.0	1080.0
278	540.0	1080.0
279	540.0	1080.0
280	540.0	1080.0
281	540.0	1080.0
282	540.0	1080.0
283	540.0	1080.0
284	540.0	1080.0
285	540.0	1080.0
286	540.0	1080.0
287	540.0	1080.0
288	540.0	1080.0
289	540.0	1080.0
290	540.0	1080.0
291	540.0	1080.0
292	540.0	1080.0
293	540.0	1080.0
294	540.0	1080.0
295	540.0	1080.0
296	540.0	1080.0
297	540.0	1080.0
298	540.0	1080.0
299	540.0	1080.0
300	540.0	1080.0
301	540.0	1080.0
302	540.0	1080.0
303	540.0	1080.0
304	540.0	1080.0
305	540.0	1080.0
306	540.0	1080.0
307	540.0	1080.0
308	540.0	1080.0
309	540.0	1080.0
310	540.0	1080.0
311	540.0	1080.0
312	540.0	1080.0
313	540.0	1080.0
314	540.0	1080.0
315	540.0	1080.0
316	540.0	1080.0
317	540.0	1080.0
318	540.0	1080.0
319	540.0	1080.0
320	540.0	1080.0
321	540.0	1080.0
322	540.0	1080.0
323	540.0	1080.0
324	540.0	1080.0
325	540.0	1080.0
326	540.0	1080.0
327	540.0	1080.0
328	540.0	1080.0
329	540.0	1080.0
330	540.0	1080.0
331	540.0	1080.0
332	540.0	1080.0
333	540.0	1080.0
334	540.0	1080.0
335	540.0	1080.0
336	540.0	1080.0
337	540.0	1080.0
338	540.0	1080.0
339	540.0	1080.0
340	540.0	1080.0
341	540.0	1080.0
342	540.0	1080.0
343	540.0	1080.0
344	540.0	1080.0
345	540.0	1080.0
346	540.0	1080.0
347	540.0	1080.0
348	540.0	1080.0
349	540.0	1080.0
350	540.0	1080.0
351	540.0	1080.0
352	540.0	1080.0
353	540.0	1080.0
354	540.0	1080.0
355	540.0	1080.0
356	540.0	1080.0
357	540.0	1080.0
358	540.0	1080.0
359	540.0	1080.0
360	540.0	1080.0
361	540.0	1080.0
362	540.0	1080.0
363	540.0	1080.0
364	540.0	1080.0
365	540.0	1080.0
366	540.0	1080.0
367	540.0	1080.0
368	540.0	1080.0
369	540.0	1080.0
370	540.0	1080.0
371	540.0	1080.0
372	540.0	1080.0
373	540.0	1080.0
374	540.0	1080.0
375	540.0	1080.0
376	540.0	1080.0
377	540.0	1080.0
378	540.0	1080.0
379	540.0	1080.0
380	540.0	1080.0
381	540.0	1080.0
382	540.0	1080.0
383	540.0	1080.0
384	540.0	1080.0
385	540.0	1080.0
386	540.0	1080.0
387	540.0	1080.0
388	540.0	1080.0
389	540.0	1080.0
390	540.0	1080.0
391	540.0	1080.0
392	540.0	1080.0
393	540.0	1080.0
394	540.0	1080.0
395	540.0	1080.0
396	540.0	1080.0
397	540.0	1080.0
398	540.0	1080.0
399	540.0	1080.0
400	540.0	1080.0
401	540.0	1080.0
402	540.0	1080.0
403	540.0	1080.0
404	540.0	1080.0
405	540.0	1080.0
406	540.0	1080.0
407	540.0	1080.0
408	540.0	1080.0
409	540.0	1080.0
410	540.0	1080.0
411	540.0	1080.0
412	540.0	1080.0
413	540.0	1080.0
414	540.0	1080.0
415	540.0	1080.0
416	540.0	1080.0
417	540.0	1080.0
418	540.0	1080.0
419	540.0	1080.0
420	540.0	1080.0
421	540.0	1080.0
422	540.0	1080.0
423	540.0	1080.0
424	540.0	1080.0
425	540.0	1080.0
426	540.0	1080.0
427	540.0	1080.0
428	540.0	1080.0
429	540.0	1080.0
430	540.0	1080.0
431	540.0	1080.0
432	540.0	1080.0
433	540.0	1080.0
434	540.0	1080.0
435	540.0	1080.0
436	540.0	1080.0
437	540.0	1080.0
438	540.0	1080.0
439	540.0	1080.0
440	540.0	1080.0
441	540.0	1080.0
442	540.0	1080.0
443	540.0	1080.0
444	540.0	1080.0
445	540.0	1080.0
446	540.0	1080.0
447	540.0	1080.0
448	540.0	1080.0
449	540.0	1080.0
450	540.0	1080.0
451	540.0	1080.0
452	540.0	1080.0
453	540.0	1080.0
454	540.0	1080.0
455	540.0	1080.0
456	540.0	1080.0
457	540.0	1080.0
458	540.0	1080.0
459	540.0	1080.0
460	540.0	1080.0
461	540.0	1080.0
462	540.0	1080.0
463	540.0	1080.0
464	540.0	1080.0
465	540.0	1080.0
466	540.0	1080.0
467	540.0	1080.0
468	540.0	1080.0
469	540.0	1080.0
470	540.0	1080.0
471	540.0	1080.0
472	540.0	1080.0
473	540.0	1080.0
474	540.0	1080.0
475	540.0	1080.0
476	540.0	1080.0
477	540.0	1080.0
478	540.0	1080.0
479	540.0	1080.0
480	540.0	1080.0
481	540.0	1080.0
482	540.0	1080.0
483	540.0	1080.0
484	540.0	1080.0
485	540.0	1080.0
486	540.0	1080.0
487	540.0	1080.0
488	540.0	1080.0
489	540.0	1080.0
490	540.0	1080.0
491	540.0	1080.0
492	540.0	1080.0
493	540.0	1080.0
494	540.0	1080.0
495	540.0	1080.0
496	540.0	1080.0
497	540.0	1080.0
498	540.0	1080.0
499	540.0	1080.0
500	540.0	1080.0
501	540.0	1080.0
502	540.0	1080.0
503	540.0	1080.0
504	540.0	1080.0
505	540.0	1080.0
506	540.0	1080.0
507	540.0	1080.0
508	540.0	1080.0
509	540.0	1080.0
510	540.0	1080.0
