	ACO output for different Flavors
==================================================================
		  #map tasks of
job1	job2	job3	job4	job5	job6 resource utilization
==================================================================
		   VM Flavor 1
==================================================================
0.	1.0	0.0	0.0	0.0	0.0	0.0	100.0
1.	0.0	0.0	0.0	0.0	1.0	0.0	100.0
2.	0.0	0.0	1.0	0.0	0.0	0.0	87.5
==================================================================
 		   VM Flavor 2
================================================================== 
0.	2.0	0.0	0.0	0.0	0.0	0.0	100.0
1.	1.0	0.0	0.0	0.0	1.0	0.0	100.0
2.	0.0	0.0	1.0	0.0	1.0	0.0	93.75
3.	1.0	0.0	1.0	0.0	0.0	0.0	93.75	
4.	1.0	1.0	0.0	0.0	0.0	0.0	87.5	
==================================================================
 		   VM Flavor 3
==================================================================
0.	4.0	0.0	0.0	0.0	0.0	0.0	100.0
1.	2.0	0.0	0.0	0.0	2.0	0.0	100.0	
2.	1.0	0.0	0.0	0.0	3.0	0.0	100.0
3.	0.0	0.0	0.0	0.0	4.0	0.0	100.0	
4.	0.0	0.0	1.0	0.0	3.0	0.0	96.88
5.	3.0	0.0	1.0	0.0	0.0	0.0	96.88
6.	2.0	0.0	1.0	0.0	1.0	0.0	96.88
7.	3.0	1.0	0.0	0.0	0.0	0.0	93.75
8.	0.0	1.0	1.0	0.0	2.0	0.0	90.62
==================================================================
 		   VM Flavor 4
==================================================================
0.	8.0	0.0	0.0	0.0	0.0	0.0	100.0
1.	0.0	0.0	0.0	0.0	8.0	0.0	100.0
2.	5.0	0.0	0.0	0.0	0.0	2.0	100.0	
3.	0.0	0.0	0.0	0.0	0.0	6.0	100.0
4.	0.0	0.0	1.0	0.0	7.0	0.0	98.44
5.	0.0	2.0	5.0	0.0	2.0	0.0	98.44	
6.	5.0	1.0	0.0	0.0	2.0	0.0	96.88
7.	4.0	0.0	3.0	0.0	1.0	0.0	95.31
8.	1.0	1.0	2.0	0.0	4.0	0.0	93.75
9.	5.0	1.0	2.0	0.0	0.0	0.0	93.75
10.	2.0	1.0	3.0	0.0	2.0	0.0	92.19
11.	1.0	2.0	2.0	0.0	3.0	0.0	90.62
12.	3.0	2.0	1.0	0.0	2.0	0.0	92.19
==================================================================
 		   VM Flavor 5
==================================================================
0.	0.0	0.0	0.0	0.0	0.0	6.0	100.0
1.	6.0	0.0	0.0	0.0	0.0	4.0	100.0	
2.	0.0	0.0	0.0	5.0	2.0	2.0	98.96	
3.	0.0	4.0	0.0	5.0	2.0	0.0	98.96
4.	0.0	3.0	0.0	1.0	5.0	2.0	96.88	
5.	8.0	0.0	3.0	0.0	1.0	0.0	96.88		
6.	4.0	1.0	2.0	0.0	5.0	0.0	95.83
7.	5.0	0.0	4.0	0.0	3.0	0.0	95.83	
8.	3.0	2.0	1.0	0.0	4.0	1.0	90.62
9.	1.0	2.0	1.0	0.0	6.0	1.0	90.62
10.	4.0	4.0	1.0	0.0	3.0	0.0	90.62
11.	1.0	2.0	0.0	1.0	7.0	0.0	90.62
12.	0.0	3.0	0.0	0.0	7.0	1.0	89.58
13.	0.0	0.0	0.0	1.0	6.0	2.0	86.46	